0.2398
0.12119202
0.1623111241627623
0.22
0.5141136132321462
0.22
0.1602
0.27880798
0.44495795400206406
0.3545106111441598
0.25920794020000004
0.33586930418602
0.27880798
0.2
0.2398
0.3545106111441598
0.140598
0.17487579353338115
0.22
0.3052372427824321
0.4625083744620434
0.1602
0.317039701198
0.02703449496728181
0.3545106111441598
0.2
0.2
0.5476627523288266
0.3545106111441598
0.12119202
0.2752342117300254
0.1602
0.140598
0.12119202
0.27880798
0.021721719403561653
0.21886955802009014
0.2398
0.17619213306063186
0.33586930418602
0.2
0.06413069581398001
0.259402
0.2
0.04548938885584021
0.2
0.08296029880200001
0.2
0.05330393949113811
0.1019800998
0.11959437758330699
0.1019800998
0.1602
0.2
0.02982174885089758
0.08296029880200001
0.1602
0.140598
0.2167063521706933
0.33586930418602
0.06306640712984532
0.259402
0.1019800998
