0.2288147009550421
0.18000000000000002
0.2813209727912333
0.13401016254453216
0.44495795400206406
0.19885813941423247
0.20231112416276228
0.479883290717423
0.33264369505663194
0.44495795400206406
0.2
0.22
0.317039701198
0.22
0.4274075335420847
0.22
0.06413069581398001
0.23409999669481302
0.2
0.2
0.4625083744620434
0.38914571071646914
0.3545106111441598
0.009466344123726749
0.40419341936834385
0.4625083744620434
0.2
0.37296550503271825
0.22
0.479883290717423
0.317039701198
0.37296550503271825
0.2398
0.11959437758330699
0.2719865195531704
0.1602
0.5527378030752664
0.18197372579252608
0.46091849923092093
0.22368316186038992
0.2
0.20183008102917357
0.2980199002
0.3912358499823911
0.18000000000000002
0.10235671087956139
0.3912358499823911
0.2
0.1602
0.08296029880200001
0.06413069581398001
0.2
0.25307905589461344
0.2
0.07970210776221397
0.2
0.2
0.08609252511554541
0.27880798
0.4272302565677415
0.04548938885584021
0.12119202
0.020657860204481997
