0.2971060138154904
0.22
0.24056098417076585
0.2
0.37296550503271825
0.3545106111441598
0.29460409306063196
0.259402
0.4429298939624793
0.33586930418602
0.30118376516317713
0.2398
0.22095137432905812
0.2584695580200902
0.2671610426473476
0.45827498150721746
0.4093234914825672
0.21886955802009014
0.33586930418602
0.5309724770998248
0.2743310062052642
0.317039701198
0.27880798
0.12294998853460085
0.21712007733667907
0.21771198707886538
0.3571948872632933
0.5141136132321462
0.24532975865805134
0.4093234914825672
0.2980199002
0.4093234914825672
0.22244048146400405
0.18355592476317717
0.259402
0.1353894035202661
0.2398
0.18000000000000002
0.1602
0.29821009820998
0.21384157434093967
0.27880798
0.2980199002
0.22039205979999998
0.17670635217069333
0.259402
0.22113044197990986
0.22
0.21477976524206682
0.2398
0.11867902720876675
0.27880798
0.33586930418602
0.3545106111441598
0.31860555053060086
0.27880798
0.44495795400206406
0.16346071135101367
0.22
0.2704214794402208
0.1182611230007003
0.28328495379473584
0.1019800998
