0.5141136132321462
0.2
0.49708445781024874
0.6015346506673921
0.3912358499823911
0.4625083744620434
0.4625083744620434
0.5967388209219081
0.22
0.5474975186040594
0.3112563061414394
0.3106475291027969
0.5805442635574829
0.28160236608029765
0.3694518160173289
0.479883290717423
0.4249114058024954
0.44580123781468023
0.4929353093752238
0.6286437183855622
0.6002063670706029
0.4955262210962256
0.4555614067634483
0.1886946953541814
0.4625083744620434
0.4729361932494773
0.5805442635574829
0.4974216521167577
0.4050546310536923
0.317039701198
0.140598
0.3912358499823911
0.23579061722731767
0.33586930418602
0.2
0.2847088014024698
0.33183754735233295
0.4625083744620434
0.3912358499823911
0.21755951853599595
0.4625083744620434
0.372087629418165
0.49708445781024874
0.22273637655680129
0.33586930418602
0.259402
0.35522706263494425
0.2980199002
0.2633712889449554
0.22
0.13882227420747395
0.18000000000000002
0.33586930418602
0.6291058065003254
0.4265420361243355
0.3655507317061608
0.6286437183855622
0.27880798
0.27402803387210195
0.34021330738207806
0.22
0.502247305751917
0.15873682172311646
