0.10001295137422345
0.12243889471805598
0.10001295137422345
0.10001295137422345
0.10001295137422345
0.10001295137422345
0.30676223991753027
0.10001295137422345
0.10001295137422345
0.10001295137422345
0.16846913804060237
0.10001295137422345
0.10001295137422345
0.10346057013951544
0.10001295137422345
0.10001295137422345
0.15600138301471117
0.10001295137422345
0.16254773852042853
0.10001295137422345
0.10001295137422345
0.18891597621976253
0.12884839101794476
0.14226532387128044
0.16381771096870576
0.023709456168855288
0.1606900081386333
0.1209145162120332
0.10001295137422345
0.21663517542226818
0.164462334311824
0.10001295137422345
0.10001295137422345
0.10001295137422345
0.10001295137422345
0.33808428509309674
0.08001295137422346
0.11088267029674777
0.11659805880136638
0.10001295137422345
0.10001295137422345
0.10001295137422345
0.3174941007873562
0.11929875887118037
0.015784588767754768
0.10974367102516334
0.10720739709548596
0.10285901446985005
0.3027187147180851
0.16192226113522426
0.14142424392624198
0.22896670405716818
0.10001295137422345
0.10001295137422345
0.10001295137422345
0.10001295137422345
0.10001295137422345
0.18891597621976253
0.10001295137422345
0.10001295137422345
0.10001295137422345
