0.03
0.006357606
0.03
0.03
0.03
0.01806
0.006357606
0.010391272302281922
0.006357606
0.03
0.03
0.01806
0.03
0.03
0.03
0.012459132593972959
0.0121794
0.007570660888800412
0.012294677342993998
0.03
0.016349999008443878
0.03
0.006357606
0.01488610615973835
0.03
0.03
0.08188965150981546
0.011221098321855985
0.01806
0.012806403876340392
0.03
0.01340470796848527
0.03
0.03
0.01806
0.03
0.07076079125580599
0.06511191035939999
0.12929174312994743
0.13429882569864796
0.11396498721522688
0.22861694485819167
0.09816907697032243
0.22861694485819167
0.22456257056382997
0.17716842767782037
0.06511191035939999
0.07635318334324794
0.1034873862006192
0.11912533734307461
0.09816907697032243
0.17259437139173775
0.19501179842528782
0.08188965150981546
0.10875251233861301
0.11396498721522688
0.17716842767782037
0.0478206
0.0873707549947173
0.10875251233861301
0.15383142981380668
0.19936168044103494
0.13429882569864796
0.0873707549947173
0.03
0.10875251233861301
0.07076079125580599
0.07076079125580599
0.28823927851370434
0.08188965150981546
0.25588476306527985
0.11912533734307461
